-2.2662275035500605E7
-2.277121256117372E7
-2.257103691558995E7
-2.2510662043797936E7
-2.2615747623863094E7
-2.2419083898769367E7
-2.2397959324822757E7
-2.2516354174593527E7
-2.2318247802968707E7
-2.232752128362914E7
-2.2445340476330597E7
-2.223070848468046E7
-2.2267201205035564E7
-2.237866947958504E7
-2.217071426216967E7
-2.2267201205035564E7
-2.237866947958504E7
-2.217071426216967E7
-2.2215302492428545E7
-2.2326354038734358E7
-2.2120829976743873E7
-2.2176188983169723E7
-2.2286540031107057E7
-2.2088055977041706E7
-2.2141817331957385E7
-2.2242288511644006E7
-2.2055163879915994E7
-2.2109151442473117E7
-2.2226325684818E7
-2.203148892919638E7
-2.209211229483538E7
-2.2196865384760663E7
-2.2000924415338002E7
-2.2061450606724042E7
-2.216877542123134E7
-2.1976147520084146E7
-2.204638000330876E7
-2.2139260846069735E7
-2.1958562886296418E7
-2.2029489733538594E7
-2.2130695592625298E7
-2.1945180987666104E7
-2.202649717829378E7
-2.211840567819983E7
-2.1928600970146142E7
-2.2000257022496153E7
-2.2103308119440783E7
-2.1913839002513982E7